Memoria de Instruções:
9 2 133 9 3 134 11 2 3 15 15 0 0 0 0 0 0 0 0 0 0 0 0 0 0 0 0 0 0 0 0 0 0 0 0 0 0 0 0 0 0 0 0 0 0 0 0 0 0 0 0 0 0 0 0 0 0 0 0 0 0 0 0 0 0 0 0 0 0 0 0 0 0 0 0 0 0 0 0 0 0 0 0 0 0 0 0 0 0 0 0 0 0 0 0 0 0 0 0 0 0 0 0 0 0 0 0 0 0 0 0 0 0 0 0 0 0 0 0 0 0 0 0 0 0 0 0 0 
Memoria de Dados:
140 32 8 -12 -21 10 15 180 0 0 0 0 0 0 0 0 0 0 0 0 0 0 132 0 0 0 0 -12 -21 10 0 0 0 0 0 0 0 0 0 135 0 0 0 0 0 0 0 0 0 0 0 0 11 0 1 7 2 0 0 0 0 0 135 0 0 0 0 0 0 0 0 0 127 1 127 5 0 0 0 0 0 0 0 0 0 0 0 0 0 0 0 0 0 0 0 0 0 0 0 0 0 0 0 0 0 0 0 0 0 0 0 0 0 0 0 0 0 0 0 0 0 0 0 0 0 0 0 0 
Deseja editar a memoria ? <se sim entre com a posicao e o valor separados por espaco e aperte enter, senao aperte enter>
PC:0
RI:9
N:0 V:0 C:0 Z:0
R0:-1657604496 R1:21892 R2:28 R3:0 R4:28 R5:0 R6:0 R7:0 

PC:3
RI:9
N:0 V:0 C:0 Z:0
R0:-1657604496 R1:21892 R2:10 R3:0 R4:28 R5:0 R6:0 R7:3 
Memoria de Instruções:
9 2 133 9 3 134 11 2 3 15 15 0 0 0 0 0 0 0 0 0 0 0 0 0 0 0 0 0 0 0 0 0 0 0 0 0 0 0 0 0 0 0 0 0 0 0 0 0 0 0 0 0 0 0 0 0 0 0 0 0 0 0 0 0 0 0 0 0 0 0 0 0 0 0 0 0 0 0 0 0 0 0 0 0 0 0 0 0 0 0 0 0 0 0 0 0 0 0 0 0 0 0 0 0 0 0 0 0 0 0 0 0 0 0 0 0 0 0 0 0 0 0 0 0 0 0 0 0 
Memoria de Dados:
140 32 8 -12 -21 10 15 180 0 0 0 0 0 0 0 0 0 0 0 0 0 0 132 0 0 0 0 -12 -21 10 0 0 0 0 0 0 0 0 0 135 0 0 0 0 0 0 0 0 0 0 0 0 11 0 1 7 2 0 0 0 0 0 135 0 0 0 0 0 0 0 0 0 127 1 127 5 0 0 0 0 0 0 0 0 0 0 0 0 0 0 0 0 0 0 0 0 0 0 0 0 0 0 0 0 0 0 0 0 0 0 0 0 0 0 0 0 0 0 0 0 0 0 0 0 0 0 0 0 

PC:6
RI:11
N:0 V:0 C:0 Z:0
R0:-1657604496 R1:21892 R2:10 R3:15 R4:28 R5:0 R6:0 R7:6 
Memoria de Instruções:
9 2 133 9 3 134 11 2 3 15 15 0 0 0 0 0 0 0 0 0 0 0 0 0 0 0 0 0 0 0 0 0 0 0 0 0 0 0 0 0 0 0 0 0 0 0 0 0 0 0 0 0 0 0 0 0 0 0 0 0 0 0 0 0 0 0 0 0 0 0 0 0 0 0 0 0 0 0 0 0 0 0 0 0 0 0 0 0 0 0 0 0 0 0 0 0 0 0 0 0 0 0 0 0 0 0 0 0 0 0 0 0 0 0 0 0 0 0 0 0 0 0 0 0 0 0 0 0 
Memoria de Dados:
140 32 8 -12 -21 10 15 180 0 0 0 0 0 0 0 0 0 0 0 0 0 0 132 0 0 0 0 -12 -21 10 0 0 0 0 0 0 0 0 0 135 0 0 0 0 0 0 0 0 0 0 0 0 11 0 1 7 2 0 0 0 0 0 135 0 0 0 0 0 0 0 0 0 127 1 127 5 0 0 0 0 0 0 0 0 0 0 0 0 0 0 0 0 0 0 0 0 0 0 0 0 0 0 0 0 0 0 0 0 0 0 0 0 0 0 0 0 0 0 0 0 0 0 0 0 0 0 0 0 

ULA: SUBTRACAO
PC:9
RI:15
N:1 V:0 C:0 Z:0
R0:-1657604496 R1:21892 R2:-5 R3:15 R4:28 R5:0 R6:0 R7:9 
Memoria de Instruções:
9 2 133 9 3 134 11 2 3 15 15 0 0 0 0 0 0 0 0 0 0 0 0 0 0 0 0 0 0 0 0 0 0 0 0 0 0 0 0 0 0 0 0 0 0 0 0 0 0 0 0 0 0 0 0 0 0 0 0 0 0 0 0 0 0 0 0 0 0 0 0 0 0 0 0 0 0 0 0 0 0 0 0 0 0 0 0 0 0 0 0 0 0 0 0 0 0 0 0 0 0 0 0 0 0 0 0 0 0 0 0 0 0 0 0 0 0 0 0 0 0 0 0 0 0 0 0 0 
Memoria de Dados:
140 32 8 -12 -21 10 15 180 0 0 0 0 0 0 0 0 0 0 0 0 0 0 132 0 0 0 0 -12 -21 10 0 0 0 0 0 0 0 0 0 135 0 0 0 0 0 0 0 0 0 0 0 0 11 0 1 7 2 0 0 0 0 0 135 0 0 0 0 0 0 0 0 0 127 1 127 5 0 0 0 0 0 0 0 0 0 0 0 0 0 0 0 0 0 0 0 0 0 0 0 0 0 0 0 0 0 0 0 0 0 0 0 0 0 0 0 0 0 0 0 0 0 0 0 0 0 0 0 0 

Ciclos de relogio: 9
