Memoria de Instruções:
9 0 133 9 1 134 9 3 135 6 2 3 15 15 0 0 0 0 0 0 0 0 0 0 0 0 0 0 0 0 0 0 0 0 0 0 0 0 0 0 0 0 0 0 0 0 0 0 0 0 0 0 0 0 0 0 0 0 0 0 0 0 0 0 0 0 0 0 0 0 0 0 0 0 0 0 0 0 0 0 0 0 0 0 0 0 0 0 0 0 0 0 0 0 0 0 0 0 0 0 0 0 0 0 0 0 0 0 0 0 0 0 0 0 0 0 0 0 0 0 0 0 0 0 0 0 0 0 
Memoria de Dados:
140 32 8 -12 -21 10 15 180 0 0 0 0 0 0 0 0 0 0 0 0 0 0 132 0 0 0 0 -12 -21 10 0 0 0 0 0 0 0 0 0 135 0 0 0 0 0 0 0 0 0 0 0 0 11 0 1 7 2 0 0 0 0 0 135 0 0 0 0 0 0 0 0 0 127 1 127 5 0 0 0 0 0 0 0 0 0 0 0 0 0 0 0 0 0 0 0 0 0 0 0 0 0 0 0 0 0 0 0 0 0 0 0 0 0 0 0 0 0 0 0 0 0 0 0 0 0 0 0 0 
Deseja editar a memoria ? <se sim entre com a posicao e o valor separados por espaco e aperte enter, senao aperte enter>
PC:0
RI:9
N:0 V:0 C:0 Z:0
R0:-201976208 R1:22092 R2:26 R3:0 R4:26 R5:0 R6:0 R7:0 

PC:3
RI:9
N:0 V:0 C:0 Z:0
R0:10 R1:22092 R2:26 R3:0 R4:26 R5:0 R6:0 R7:3 
Memoria de Instruções:
9 0 133 9 1 134 9 3 135 6 2 3 15 15 0 0 0 0 0 0 0 0 0 0 0 0 0 0 0 0 0 0 0 0 0 0 0 0 0 0 0 0 0 0 0 0 0 0 0 0 0 0 0 0 0 0 0 0 0 0 0 0 0 0 0 0 0 0 0 0 0 0 0 0 0 0 0 0 0 0 0 0 0 0 0 0 0 0 0 0 0 0 0 0 0 0 0 0 0 0 0 0 0 0 0 0 0 0 0 0 0 0 0 0 0 0 0 0 0 0 0 0 0 0 0 0 0 0 
Memoria de Dados:
140 32 8 -12 -21 10 15 180 0 0 0 0 0 0 0 0 0 0 0 0 0 0 132 0 0 0 0 -12 -21 10 0 0 0 0 0 0 0 0 0 135 0 0 0 0 0 0 0 0 0 0 0 0 11 0 1 7 2 0 0 0 0 0 135 0 0 0 0 0 0 0 0 0 127 1 127 5 0 0 0 0 0 0 0 0 0 0 0 0 0 0 0 0 0 0 0 0 0 0 0 0 0 0 0 0 0 0 0 0 0 0 0 0 0 0 0 0 0 0 0 0 0 0 0 0 0 0 0 0 

PC:6
RI:9
N:0 V:0 C:0 Z:0
R0:10 R1:15 R2:26 R3:0 R4:26 R5:0 R6:0 R7:6 
Memoria de Instruções:
9 0 133 9 1 134 9 3 135 6 2 3 15 15 0 0 0 0 0 0 0 0 0 0 0 0 0 0 0 0 0 0 0 0 0 0 0 0 0 0 0 0 0 0 0 0 0 0 0 0 0 0 0 0 0 0 0 0 0 0 0 0 0 0 0 0 0 0 0 0 0 0 0 0 0 0 0 0 0 0 0 0 0 0 0 0 0 0 0 0 0 0 0 0 0 0 0 0 0 0 0 0 0 0 0 0 0 0 0 0 0 0 0 0 0 0 0 0 0 0 0 0 0 0 0 0 0 0 
Memoria de Dados:
140 32 8 -12 -21 10 15 180 0 0 0 0 0 0 0 0 0 0 0 0 0 0 132 0 0 0 0 -12 -21 10 0 0 0 0 0 0 0 0 0 135 0 0 0 0 0 0 0 0 0 0 0 0 11 0 1 7 2 0 0 0 0 0 135 0 0 0 0 0 0 0 0 0 127 1 127 5 0 0 0 0 0 0 0 0 0 0 0 0 0 0 0 0 0 0 0 0 0 0 0 0 0 0 0 0 0 0 0 0 0 0 0 0 0 0 0 0 0 0 0 0 0 0 0 0 0 0 0 0 

PC:9
RI:6
N:0 V:0 C:0 Z:0
R0:10 R1:15 R2:26 R3:180 R4:26 R5:0 R6:0 R7:9 
Memoria de Instruções:
9 0 133 9 1 134 9 3 135 6 2 3 15 15 0 0 0 0 0 0 0 0 0 0 0 0 0 0 0 0 0 0 0 0 0 0 0 0 0 0 0 0 0 0 0 0 0 0 0 0 0 0 0 0 0 0 0 0 0 0 0 0 0 0 0 0 0 0 0 0 0 0 0 0 0 0 0 0 0 0 0 0 0 0 0 0 0 0 0 0 0 0 0 0 0 0 0 0 0 0 0 0 0 0 0 0 0 0 0 0 0 0 0 0 0 0 0 0 0 0 0 0 0 0 0 0 0 0 
Memoria de Dados:
140 32 8 -12 -21 10 15 180 0 0 0 0 0 0 0 0 0 0 0 0 0 0 132 0 0 0 0 -12 -21 10 0 0 0 0 0 0 0 0 0 135 0 0 0 0 0 0 0 0 0 0 0 0 11 0 1 7 2 0 0 0 0 0 135 0 0 0 0 0 0 0 0 0 127 1 127 5 0 0 0 0 0 0 0 0 0 0 0 0 0 0 0 0 0 0 0 0 0 0 0 0 0 0 0 0 0 0 0 0 0 0 0 0 0 0 0 0 0 0 0 0 0 0 0 0 0 0 0 0 

ULA: SUBTRACAO
PC:183
RI:7
N:1 V:0 C:0 Z:0
R0:-5 R1:15 R2:9 R3:180 R4:26 R5:0 R6:180 R7:183 
Memoria de Instruções:
9 0 133 9 1 134 9 3 135 6 2 3 15 15 0 0 0 0 0 0 0 0 0 0 0 0 0 0 0 0 0 0 0 0 0 0 0 0 0 0 0 0 0 0 0 0 0 0 0 0 0 0 0 0 0 0 0 0 0 0 0 0 0 0 0 0 0 0 0 0 0 0 0 0 0 0 0 0 0 0 0 0 0 0 0 0 0 0 0 0 0 0 0 0 0 0 0 0 0 0 0 0 0 0 0 0 0 0 0 0 0 0 0 0 0 0 0 0 0 0 0 0 0 0 0 0 0 0 
Memoria de Dados:
140 32 8 -12 -21 10 15 180 0 0 0 0 0 0 0 0 0 0 0 0 0 0 132 0 0 0 0 -12 -21 10 0 0 0 0 0 0 0 0 0 135 0 0 0 0 0 0 0 0 0 0 0 0 11 0 1 7 2 0 0 0 0 0 135 0 0 0 0 0 0 0 0 0 127 1 127 5 0 0 0 0 0 0 0 0 0 0 0 0 0 0 0 0 0 0 0 0 0 0 0 0 0 0 0 0 0 0 0 0 0 0 0 0 0 0 0 0 0 0 0 0 0 0 0 0 0 0 0 0 

PC:12
RI:15
N:0 V:0 C:0 Z:0
R0:-5 R1:15 R2:9 R3:180 R4:26 R5:0 R6:180 R7:12 
Memoria de Instruções:
9 0 133 9 1 134 9 3 135 6 2 3 15 15 0 0 0 0 0 0 0 0 0 0 0 0 0 0 0 0 0 0 0 0 0 0 0 0 0 0 0 0 0 0 0 0 0 0 0 0 0 0 0 0 0 0 0 0 0 0 0 0 0 0 0 0 0 0 0 0 0 0 0 0 0 0 0 0 0 0 0 0 0 0 0 0 0 0 0 0 0 0 0 0 0 0 0 0 0 0 0 0 0 0 0 0 0 0 0 0 0 0 0 0 0 0 0 0 0 0 0 0 0 0 0 0 0 0 
Memoria de Dados:
140 32 8 -12 -21 10 15 180 0 0 0 0 0 0 0 0 0 0 0 0 0 0 132 0 0 0 0 -12 -21 10 0 0 0 0 0 0 0 0 0 135 0 0 0 0 0 0 0 0 0 0 0 0 11 0 1 7 2 0 0 0 0 0 135 0 0 0 0 0 0 0 0 0 127 1 127 5 0 0 0 0 0 0 0 0 0 0 0 0 0 0 0 0 0 0 0 0 0 0 0 0 0 0 0 0 0 0 0 0 0 0 0 0 0 0 0 0 0 0 0 0 0 0 0 0 0 0 0 0 

Ciclos de relogio: 12
