Memoria de Instruções:
9 0 200 9 1 201 9 2 202 9 3 203 10 0 1 10 0 2 10 0 3 15 15 0 0 0 0 0 0 0 0 0 0 0 0 0 0 0 0 0 0 0 0 0 0 0 0 0 0 0 0 0 0 0 0 0 0 0 0 0 0 0 0 0 0 0 0 0 0 0 0 0 0 0 0 0 0 0 0 0 0 0 0 0 0 0 0 0 0 0 0 0 0 0 0 0 0 0 0 0 0 0 0 0 0 0 0 0 0 0 0 0 0 0 0 0 0 0 0 0 0 0 0 0 0 0 0 0 
Memoria de Dados:
140 32 8 -12 -21 10 15 180 0 0 0 0 0 0 0 0 0 0 0 0 0 0 132 0 0 0 0 -12 -21 10 0 0 0 0 0 0 0 0 0 135 0 0 0 0 0 0 0 0 0 0 0 0 11 0 1 7 2 0 0 0 0 0 135 0 0 0 0 0 0 0 0 0 127 1 127 5 0 0 0 0 0 0 0 0 0 0 0 0 0 0 0 0 0 0 0 0 0 0 0 0 0 0 0 0 0 0 0 0 0 0 0 0 0 0 0 0 0 0 0 0 0 0 0 0 0 0 0 0 
Deseja editar a memoria ? <se sim entre com a posicao e o valor separados por espaco e aperte enter, senao aperte enter>
PC:0
RI:9
N:0 V:0 C:0 Z:0
R0:-569502096 R1:21984 R2:24 R3:0 R4:24 R5:0 R6:0 R7:0 

PC:3
RI:9
N:0 V:0 C:0 Z:0
R0:127 R1:21984 R2:24 R3:0 R4:24 R5:0 R6:0 R7:3 
Memoria de Instruções:
9 0 200 9 1 201 9 2 202 9 3 203 10 0 1 10 0 2 10 0 3 15 15 0 0 0 0 0 0 0 0 0 0 0 0 0 0 0 0 0 0 0 0 0 0 0 0 0 0 0 0 0 0 0 0 0 0 0 0 0 0 0 0 0 0 0 0 0 0 0 0 0 0 0 0 0 0 0 0 0 0 0 0 0 0 0 0 0 0 0 0 0 0 0 0 0 0 0 0 0 0 0 0 0 0 0 0 0 0 0 0 0 0 0 0 0 0 0 0 0 0 0 0 0 0 0 0 0 
Memoria de Dados:
140 32 8 -12 -21 10 15 180 0 0 0 0 0 0 0 0 0 0 0 0 0 0 132 0 0 0 0 -12 -21 10 0 0 0 0 0 0 0 0 0 135 0 0 0 0 0 0 0 0 0 0 0 0 11 0 1 7 2 0 0 0 0 0 135 0 0 0 0 0 0 0 0 0 127 1 127 5 0 0 0 0 0 0 0 0 0 0 0 0 0 0 0 0 0 0 0 0 0 0 0 0 0 0 0 0 0 0 0 0 0 0 0 0 0 0 0 0 0 0 0 0 0 0 0 0 0 0 0 0 

PC:6
RI:9
N:0 V:0 C:0 Z:0
R0:127 R1:1 R2:24 R3:0 R4:24 R5:0 R6:0 R7:6 
Memoria de Instruções:
9 0 200 9 1 201 9 2 202 9 3 203 10 0 1 10 0 2 10 0 3 15 15 0 0 0 0 0 0 0 0 0 0 0 0 0 0 0 0 0 0 0 0 0 0 0 0 0 0 0 0 0 0 0 0 0 0 0 0 0 0 0 0 0 0 0 0 0 0 0 0 0 0 0 0 0 0 0 0 0 0 0 0 0 0 0 0 0 0 0 0 0 0 0 0 0 0 0 0 0 0 0 0 0 0 0 0 0 0 0 0 0 0 0 0 0 0 0 0 0 0 0 0 0 0 0 0 0 
Memoria de Dados:
140 32 8 -12 -21 10 15 180 0 0 0 0 0 0 0 0 0 0 0 0 0 0 132 0 0 0 0 -12 -21 10 0 0 0 0 0 0 0 0 0 135 0 0 0 0 0 0 0 0 0 0 0 0 11 0 1 7 2 0 0 0 0 0 135 0 0 0 0 0 0 0 0 0 127 1 127 5 0 0 0 0 0 0 0 0 0 0 0 0 0 0 0 0 0 0 0 0 0 0 0 0 0 0 0 0 0 0 0 0 0 0 0 0 0 0 0 0 0 0 0 0 0 0 0 0 0 0 0 0 

PC:9
RI:9
N:0 V:0 C:0 Z:0
R0:127 R1:1 R2:127 R3:0 R4:24 R5:0 R6:0 R7:9 
Memoria de Instruções:
9 0 200 9 1 201 9 2 202 9 3 203 10 0 1 10 0 2 10 0 3 15 15 0 0 0 0 0 0 0 0 0 0 0 0 0 0 0 0 0 0 0 0 0 0 0 0 0 0 0 0 0 0 0 0 0 0 0 0 0 0 0 0 0 0 0 0 0 0 0 0 0 0 0 0 0 0 0 0 0 0 0 0 0 0 0 0 0 0 0 0 0 0 0 0 0 0 0 0 0 0 0 0 0 0 0 0 0 0 0 0 0 0 0 0 0 0 0 0 0 0 0 0 0 0 0 0 0 
Memoria de Dados:
140 32 8 -12 -21 10 15 180 0 0 0 0 0 0 0 0 0 0 0 0 0 0 132 0 0 0 0 -12 -21 10 0 0 0 0 0 0 0 0 0 135 0 0 0 0 0 0 0 0 0 0 0 0 11 0 1 7 2 0 0 0 0 0 135 0 0 0 0 0 0 0 0 0 127 1 127 5 0 0 0 0 0 0 0 0 0 0 0 0 0 0 0 0 0 0 0 0 0 0 0 0 0 0 0 0 0 0 0 0 0 0 0 0 0 0 0 0 0 0 0 0 0 0 0 0 0 0 0 0 

PC:12
RI:10
N:0 V:0 C:0 Z:0
R0:127 R1:1 R2:127 R3:5 R4:24 R5:0 R6:0 R7:12 
Memoria de Instruções:
9 0 200 9 1 201 9 2 202 9 3 203 10 0 1 10 0 2 10 0 3 15 15 0 0 0 0 0 0 0 0 0 0 0 0 0 0 0 0 0 0 0 0 0 0 0 0 0 0 0 0 0 0 0 0 0 0 0 0 0 0 0 0 0 0 0 0 0 0 0 0 0 0 0 0 0 0 0 0 0 0 0 0 0 0 0 0 0 0 0 0 0 0 0 0 0 0 0 0 0 0 0 0 0 0 0 0 0 0 0 0 0 0 0 0 0 0 0 0 0 0 0 0 0 0 0 0 0 
Memoria de Dados:
140 32 8 -12 -21 10 15 180 0 0 0 0 0 0 0 0 0 0 0 0 0 0 132 0 0 0 0 -12 -21 10 0 0 0 0 0 0 0 0 0 135 0 0 0 0 0 0 0 0 0 0 0 0 11 0 1 7 2 0 0 0 0 0 135 0 0 0 0 0 0 0 0 0 127 1 127 5 0 0 0 0 0 0 0 0 0 0 0 0 0 0 0 0 0 0 0 0 0 0 0 0 0 0 0 0 0 0 0 0 0 0 0 0 0 0 0 0 0 0 0 0 0 0 0 0 0 0 0 0 

ULA: SOMA
PC:15
RI:10
N:0 V:0 C:1 Z:0
R0:128 R1:1 R2:127 R3:5 R4:24 R5:0 R6:0 R7:15 
Memoria de Instruções:
9 0 200 9 1 201 9 2 202 9 3 203 10 0 1 10 0 2 10 0 3 15 15 0 0 0 0 0 0 0 0 0 0 0 0 0 0 0 0 0 0 0 0 0 0 0 0 0 0 0 0 0 0 0 0 0 0 0 0 0 0 0 0 0 0 0 0 0 0 0 0 0 0 0 0 0 0 0 0 0 0 0 0 0 0 0 0 0 0 0 0 0 0 0 0 0 0 0 0 0 0 0 0 0 0 0 0 0 0 0 0 0 0 0 0 0 0 0 0 0 0 0 0 0 0 0 0 0 
Memoria de Dados:
140 32 8 -12 -21 10 15 180 0 0 0 0 0 0 0 0 0 0 0 0 0 0 132 0 0 0 0 -12 -21 10 0 0 0 0 0 0 0 0 0 135 0 0 0 0 0 0 0 0 0 0 0 0 11 0 1 7 2 0 0 0 0 0 135 0 0 0 0 0 0 0 0 0 127 1 127 5 0 0 0 0 0 0 0 0 0 0 0 0 0 0 0 0 0 0 0 0 0 0 0 0 0 0 0 0 0 0 0 0 0 0 0 0 0 0 0 0 0 0 0 0 0 0 0 0 0 0 0 0 

ULA: SOMA
PC:18
RI:10
N:0 V:0 C:1 Z:0
R0:255 R1:1 R2:127 R3:5 R4:24 R5:0 R6:0 R7:18 
Memoria de Instruções:
9 0 200 9 1 201 9 2 202 9 3 203 10 0 1 10 0 2 10 0 3 15 15 0 0 0 0 0 0 0 0 0 0 0 0 0 0 0 0 0 0 0 0 0 0 0 0 0 0 0 0 0 0 0 0 0 0 0 0 0 0 0 0 0 0 0 0 0 0 0 0 0 0 0 0 0 0 0 0 0 0 0 0 0 0 0 0 0 0 0 0 0 0 0 0 0 0 0 0 0 0 0 0 0 0 0 0 0 0 0 0 0 0 0 0 0 0 0 0 0 0 0 0 0 0 0 0 0 
Memoria de Dados:
140 32 8 -12 -21 10 15 180 0 0 0 0 0 0 0 0 0 0 0 0 0 0 132 0 0 0 0 -12 -21 10 0 0 0 0 0 0 0 0 0 135 0 0 0 0 0 0 0 0 0 0 0 0 11 0 1 7 2 0 0 0 0 0 135 0 0 0 0 0 0 0 0 0 127 1 127 5 0 0 0 0 0 0 0 0 0 0 0 0 0 0 0 0 0 0 0 0 0 0 0 0 0 0 0 0 0 0 0 0 0 0 0 0 0 0 0 0 0 0 0 0 0 0 0 0 0 0 0 0 

ULA: SOMA
PC:21
RI:15
N:0 V:1 C:1 Z:0
R0:260 R1:1 R2:127 R3:5 R4:24 R5:0 R6:0 R7:21 
Memoria de Instruções:
9 0 200 9 1 201 9 2 202 9 3 203 10 0 1 10 0 2 10 0 3 15 15 0 0 0 0 0 0 0 0 0 0 0 0 0 0 0 0 0 0 0 0 0 0 0 0 0 0 0 0 0 0 0 0 0 0 0 0 0 0 0 0 0 0 0 0 0 0 0 0 0 0 0 0 0 0 0 0 0 0 0 0 0 0 0 0 0 0 0 0 0 0 0 0 0 0 0 0 0 0 0 0 0 0 0 0 0 0 0 0 0 0 0 0 0 0 0 0 0 0 0 0 0 0 0 0 0 
Memoria de Dados:
140 32 8 -12 -21 10 15 180 0 0 0 0 0 0 0 0 0 0 0 0 0 0 132 0 0 0 0 -12 -21 10 0 0 0 0 0 0 0 0 0 135 0 0 0 0 0 0 0 0 0 0 0 0 11 0 1 7 2 0 0 0 0 0 135 0 0 0 0 0 0 0 0 0 127 1 127 5 0 0 0 0 0 0 0 0 0 0 0 0 0 0 0 0 0 0 0 0 0 0 0 0 0 0 0 0 0 0 0 0 0 0 0 0 0 0 0 0 0 0 0 0 0 0 0 0 0 0 0 0 

Ciclos de relogio: 15
