Memoria de Instruções:
9 4 133 9 5 134 10 4 5 15 15 0 0 0 0 0 0 0 0 0 0 0 0 0 0 0 0 0 0 0 0 0 0 0 0 0 0 0 0 0 0 0 0 0 0 0 0 0 0 0 0 0 0 0 0 0 0 0 0 0 0 0 0 0 0 0 0 0 0 0 0 0 0 0 0 0 0 0 0 0 0 0 0 0 0 0 0 0 0 0 0 0 0 0 0 0 0 0 0 0 0 0 0 0 0 0 0 0 0 0 0 0 0 0 0 0 0 0 0 0 0 0 0 0 0 0 0 0 
Memoria de Dados:
140 32 8 -12 -21 10 15 180 0 0 0 0 0 0 0 0 0 0 0 0 0 0 132 0 0 0 0 -12 -21 10 0 0 0 0 0 0 0 0 0 135 0 0 0 0 0 0 0 0 0 0 0 0 11 0 1 7 2 0 0 0 0 0 135 0 0 0 0 0 0 0 0 0 127 1 127 5 0 0 0 0 0 0 0 0 0 0 0 0 0 0 0 0 0 0 0 0 0 0 0 0 0 0 0 0 0 0 0 0 0 0 0 0 0 0 0 0 0 0 0 0 0 0 0 0 0 0 0 0 
Deseja editar a memoria ? <se sim entre com a posicao e o valor separados por espaco e aperte enter, senao aperte enter>
PC:0
RI:9
N:0 V:0 C:0 Z:0
R0:-980474256 R1:21898 R2:23 R3:0 R4:23 R5:0 R6:0 R7:0 

PC:3
RI:9
N:0 V:0 C:0 Z:0
R0:-980474256 R1:21898 R2:23 R3:0 R4:10 R5:0 R6:0 R7:3 
Memoria de Instruções:
9 4 133 9 5 134 10 4 5 15 15 0 0 0 0 0 0 0 0 0 0 0 0 0 0 0 0 0 0 0 0 0 0 0 0 0 0 0 0 0 0 0 0 0 0 0 0 0 0 0 0 0 0 0 0 0 0 0 0 0 0 0 0 0 0 0 0 0 0 0 0 0 0 0 0 0 0 0 0 0 0 0 0 0 0 0 0 0 0 0 0 0 0 0 0 0 0 0 0 0 0 0 0 0 0 0 0 0 0 0 0 0 0 0 0 0 0 0 0 0 0 0 0 0 0 0 0 0 
Memoria de Dados:
140 32 8 -12 -21 10 15 180 0 0 0 0 0 0 0 0 0 0 0 0 0 0 132 0 0 0 0 -12 -21 10 0 0 0 0 0 0 0 0 0 135 0 0 0 0 0 0 0 0 0 0 0 0 11 0 1 7 2 0 0 0 0 0 135 0 0 0 0 0 0 0 0 0 127 1 127 5 0 0 0 0 0 0 0 0 0 0 0 0 0 0 0 0 0 0 0 0 0 0 0 0 0 0 0 0 0 0 0 0 0 0 0 0 0 0 0 0 0 0 0 0 0 0 0 0 0 0 0 0 

PC:6
RI:10
N:0 V:0 C:0 Z:0
R0:-980474256 R1:21898 R2:23 R3:0 R4:10 R5:15 R6:0 R7:6 
Memoria de Instruções:
9 4 133 9 5 134 10 4 5 15 15 0 0 0 0 0 0 0 0 0 0 0 0 0 0 0 0 0 0 0 0 0 0 0 0 0 0 0 0 0 0 0 0 0 0 0 0 0 0 0 0 0 0 0 0 0 0 0 0 0 0 0 0 0 0 0 0 0 0 0 0 0 0 0 0 0 0 0 0 0 0 0 0 0 0 0 0 0 0 0 0 0 0 0 0 0 0 0 0 0 0 0 0 0 0 0 0 0 0 0 0 0 0 0 0 0 0 0 0 0 0 0 0 0 0 0 0 0 
Memoria de Dados:
140 32 8 -12 -21 10 15 180 0 0 0 0 0 0 0 0 0 0 0 0 0 0 132 0 0 0 0 -12 -21 10 0 0 0 0 0 0 0 0 0 135 0 0 0 0 0 0 0 0 0 0 0 0 11 0 1 7 2 0 0 0 0 0 135 0 0 0 0 0 0 0 0 0 127 1 127 5 0 0 0 0 0 0 0 0 0 0 0 0 0 0 0 0 0 0 0 0 0 0 0 0 0 0 0 0 0 0 0 0 0 0 0 0 0 0 0 0 0 0 0 0 0 0 0 0 0 0 0 0 

ULA: SOMA
PC:9
RI:15
N:0 V:0 C:0 Z:0
R0:-980474256 R1:21898 R2:23 R3:0 R4:25 R5:15 R6:0 R7:9 
Memoria de Instruções:
9 4 133 9 5 134 10 4 5 15 15 0 0 0 0 0 0 0 0 0 0 0 0 0 0 0 0 0 0 0 0 0 0 0 0 0 0 0 0 0 0 0 0 0 0 0 0 0 0 0 0 0 0 0 0 0 0 0 0 0 0 0 0 0 0 0 0 0 0 0 0 0 0 0 0 0 0 0 0 0 0 0 0 0 0 0 0 0 0 0 0 0 0 0 0 0 0 0 0 0 0 0 0 0 0 0 0 0 0 0 0 0 0 0 0 0 0 0 0 0 0 0 0 0 0 0 0 0 
Memoria de Dados:
140 32 8 -12 -21 10 15 180 0 0 0 0 0 0 0 0 0 0 0 0 0 0 132 0 0 0 0 -12 -21 10 0 0 0 0 0 0 0 0 0 135 0 0 0 0 0 0 0 0 0 0 0 0 11 0 1 7 2 0 0 0 0 0 135 0 0 0 0 0 0 0 0 0 127 1 127 5 0 0 0 0 0 0 0 0 0 0 0 0 0 0 0 0 0 0 0 0 0 0 0 0 0 0 0 0 0 0 0 0 0 0 0 0 0 0 0 0 0 0 0 0 0 0 0 0 0 0 0 0 

Ciclos de relogio: 7
